一.下面为单目标定得到的参数（已与双目标定处进行最大似然估计）:
1.左侧相机：
①内参矩阵cameraMatL为：
[701.9953057687287, 0, 668.4778102338393;
 0, 729.2824874439203, 403.3701350585125;
 0, 0, 1]
②畸变系数为：
[0.0782665693148806, -0.0570690714154249, -0.001210876381294866, -0.002033712207943383, -0.06719328982908533]
2.右侧相机：
①内参矩阵cameraMatR为：
[698.3643681975058, 0, 687.7788910200546;
 0, 725.7326243001794, 356.5699225617506;
 0, 0, 1]
②畸变系数为(k1,k2,k3,p1,p2)：
[0.08024887460740812, -0.09920962156884842, 0.0004526091824464813, 0.0004856189937830734, -0.001658388371698154]
二.单目标定重投影误差：
1.以下为leftCamera标定图像后重投影计算得到的误差：
第1副图像的平均误差为：    0.514587像素
第2副图像的平均误差为：    0.494629像素
第3副图像的平均误差为：    0.515418像素
第4副图像的平均误差为：    0.486654像素
第5副图像的平均误差为：    0.519747像素
第6副图像的平均误差为：    0.491525像素
第7副图像的平均误差为：    0.510807像素
第8副图像的平均误差为：    0.473746像素
第9副图像的平均误差为：    0.526424像素
第10副图像的平均误差为：    0.491932像素
第11副图像的平均误差为：    0.544034像素
第12副图像的平均误差为：    0.539205像素
第13副图像的平均误差为：    0.48488像素
第14副图像的平均误差为：    1.28743像素
第15副图像的平均误差为：    0.517408像素
第16副图像的平均误差为：    0.51665像素
第17副图像的平均误差为：    0.53025像素
第18副图像的平均误差为：    0.488908像素
第19副图像的平均误差为：    0.484425像素
第20副图像的平均误差为：    0.751063像素
所有图像的平均误差为：    0.558486像素
2.以下为rightCamera标定图像后重投影计算得到的误差：
第1副图像的平均误差为：    0.385335像素
第2副图像的平均误差为：    0.396562像素
第3副图像的平均误差为：    0.392526像素
第4副图像的平均误差为：    0.434657像素
第5副图像的平均误差为：    0.41905像素
第6副图像的平均误差为：    0.459937像素
第7副图像的平均误差为：    0.381808像素
第8副图像的平均误差为：    0.403773像素
第9副图像的平均误差为：    0.397208像素
第10副图像的平均误差为：    0.415112像素
第11副图像的平均误差为：    0.40769像素
第12副图像的平均误差为：    0.494412像素
第13副图像的平均误差为：    0.432076像素
第14副图像的平均误差为：    1.19314像素
第15副图像的平均误差为：    0.411897像素
第16副图像的平均误差为：    0.392655像素
第17副图像的平均误差为：    0.382192像素
第18副图像的平均误差为：    0.426242像素
第19副图像的平均误差为：    0.444582像素
第20副图像的平均误差为：    0.63421像素
所有图像的平均误差为：    0.465253像素
三.双目标定（未校正）得到的参数：
1.R和T（相对于cL的）：
①R:[0.9998983480941981, 4.963315248206132e-05, -0.01425801581721767;
 -1.879824375995143e-05, 0.9999976610495229, 0.002162762610536897;
 0.0142580898131512, -0.002162274735938873, 0.9998960103144958]
②T:[-58.72726396076324;
 -0.1365632521088956;
 -1.348830648531418]
2.①E:[-0.00197248676106663, 1.349122780953222, -0.1336318504446673;
 -0.5113549332921906, -0.1270514258904229, 58.74038857977494;
 0.1376533396173456, -58.72711982253647, -0.1289602517220891]
②F:[-1.017932539769388e-09, 6.701851483859051e-07, -0.0003180637699886295;
 -2.53940971533662e-07, -6.073349770746604e-08, 0.02067196016638657;
 0.0001408583389435478, -0.02081271097792688, 1]
四.双目校正得到的参数：
1.校正变换矩阵R1和R2：
①R1:[0.999959364839202, 0.002324726652184196, 0.008710012420905647;
 -0.002334216394890544, 0.9999966930363429, 0.001079513872078353;
 -0.008707474042541291, -0.001099801059651155, 0.9999614844249891]
②R2:[0.9997336449526888, 0.002324761424074627, 0.02296159040511805;
 -0.002299737854861443, 0.9999967327050096, -0.001116147438605331;
 -0.02296411015933759, 0.001063044508439042, 0.9997357248698092]
2.新投影矩阵P1和P2
①P1:[727.5075558720498, 0, 443.8724822998047, 0;
 0, 727.5075558720498, 439.0699005126953, 0;
 0, 0, 1, 0]
②P2:[727.5075558720498, 0, 697.3249969482422, -42735.91119279523;
 0, 727.5075558720498, 439.0699005126953, 0;
 0, 0, 1, 0]
3.重投影矩阵Q：
[1, 0, 0, -443.8724822998047;
 0, 1, 0, -439.0699005126953;
 0, 0, 0, 727.5075558720498;
 0, 0, 0.01702333086078434, 4.314606014358141]
